31
1
2
3
4
5
6
7
8
9
10
11
12
13
14
15
16
17
18
19
20
21
22
23
24
25
26
27
28
29
30
31
47
1 5 91.25 S
5 6 60 S
6 2 91.25 S
2 7 91.25 E
7 8 60 E
8 3 91.25 E
3 9 102.5 N
9 4 135.5 N
4 10 91.25 W
10 11 60 W
11 1 91.25 W
5 13 32.5 E
13 5 32.5 W
6 14 32.5 E
14 6 32.5 W
7 16 32.5 N
16 7 32.5 S
8 17 32.5 N
17 8 32.5 S
19 9 32.5 E
11 23 32.5 S
23 11 32.5 N
10 22 32.5 S
22 10 32.5 N
22 21 77.5 E
21 20 77.5 S
20 28 77.5 W
28 29 60 W
29 13 77.5 W
13 12 77.5 N
12 23 77.5 E
23 24 63.25 S
23 22 60 E
25 22 63.25 N
24 27 60 S
27 16 63.25 S
16 15 77.5 W
15 14 77.5 N
14 30 77.5 E
14 13 60 N
30 31 60 E
26 25 60 N
31 19 77.5 E
19 18 77.5 S
18 17 77.5 W
17 16 60 W
17 26 63.25 N