64
1
2
3
4
5
6
7
8
9
10
11
12
13
14
15
16
17
18
19
20
21
22
23
24
25
26
27
28
29
30
31
32
33
34
35
36
37
38
39
40
41
42
43
44
45
46
47
48
49
50
51
52
53
54
55
56
57
58
59
60
61
62
63
64
79
1 2 71 E
2 3 14 E
3 4 28 E
4 5 14 E
5 6 73 E
6 7 70 S
7 8 13 S
8 9 31 S
9 10 15 S
10 11 67 S
11 12 73 W
12 13 14 W
13 14 28 W
14 15 14 W
15 17 71 W 
17 18 27 N
17 19 67 N
19 20 15 N
20 21 31 N
21 22 13 N
22 1 70 N
24 23 40 S
23 46 13 S
46 45 31 S
45 44 15 S
44 43 40 S
43 42 13 E
42 41 26 E
41 40 14 E
40 39 28 E
39 38 14 E
38 37 43 E
37 36 15 N
36 35 25 N
35 34 15 N
34 33 31 N
33 32 13 N
32 31 40 N
31 30 15 W
30 29 28 W
29 28 14 W
28 27 28 W
27 26 14 W
26 25 26 W
25 24 13 W
21 46 32 E
46 47 13 E
47 48 26 E
48 49 14 E
49 50 28 E
50 51 14 E
51 52 28 E
52 33 15 E
32 8 30 E
9 34 30 W
34 53 15 W
53 54 28 W
54 55 14 W
55 56 28 W
56 57 14 W
57 58 26 W
58 45 13 W
45 20 32 W
4 28 30 S
28 64 15 S
64 61 25 S
61 50 13 S
50 55 31 S
55 60 15 S
60 39 40 S 
39 13 27 S
14 40 27 N
40 59 40 N
59 56 15 N
56 49 31 N
49 62 13 N
62 63 25 N
63 27 15 N
27 3 30 N
