58
1
2
3
4
5
6
7
8
9
10
11
12
13
14
15
16
17
18
19
20
21
22
23
24
25
26
27
28
29
30
31
32
33
34
35
36
37
38
39
40
41
42
43
44
45
46
47
48
49
50
51
52
53
54
55
56
57
58
65
1 2 76 N
2 3 10 N
3 4 26 N
4 5 16 N
5 6 67 N
6 7 70 E
6 8 13 E
8 9 27 E
9 10 13 E
10 11 69 E
11 12 70 S
12 13 13 S
13 14 26 S
14 15 19 S
15 16 67 S
16 17 40 W
17 18 30 W
18 19 12 W
19 20 26 W
20 21 10 W
21 1 71 W
20 22 30 N
22 23 11 W
23 24 38 W
24 25 43 N
25 26 12 N
26 27 40 E
27 28 15 E
28 29 15 E
29 30 17 E
30 38 36 E
31 30 12 N
32 31 30 N
33 32 12 N
19 33 29 N
34 33 17 W
33 22 30 W
28 22 55 S
30 38 34 E
38 37 19 E
37 14 25 E
37 36 11 S
36 35 40 S
35 34 40 W
51 28 28 S 
39 37 32 S
4 49 30 E
49 48 11 N
48 47 42 N
47 46 35 E
46 45 21 E
45 15 26 N
45 58 12 S
58 56 26 S
56 51 12 S
51 50 12 W
50 49 39 W
43 42 14 E
42 41 39 E
41 40 43 S
40 39 13 S
39 54 19 W
54 53 38 W
53 52 15 W
52 51 13 W